ntests,atleast,atmost,exactly
0,10000,0,0
1,10000,2,2
2,9998,9,7
3,9991,25,16
4,9975,51,26
5,9949,75,24
6,9925,101,26
7,9899,126,25
8,9874,148,22
9,9852,165,17
10,9835,182,17
11,9818,205,23
12,9795,229,24
13,9771,249,20
14,9751,264,15
15,9736,281,17
16,9719,295,14
17,9705,312,17
18,9688,332,20
19,9668,353,21
20,9647,372,19
21,9628,392,20
22,9608,405,13
23,9595,418,13
24,9582,438,20
25,9562,456,18
26,9544,468,12
27,9532,486,18
28,9514,499,13
29,9501,517,18
30,9483,539,22
31,9461,559,20
32,9441,574,15
33,9426,594,20
34,9406,612,18
35,9388,630,18
36,9370,649,19
37,9351,666,17
38,9334,684,18
39,9316,700,16
40,9300,713,13
41,9287,730,17
42,9270,747,17
43,9253,758,11
44,9242,774,16
45,9226,796,22
46,9204,812,16
47,9188,829,17
48,9171,851,22
49,9149,869,18
50,9131,890,21
51,9110,914,24
52,9086,930,16
53,9070,957,27
54,9043,970,13
55,9030,980,10
56,9020,994,14
57,9006,1011,17
58,8989,1032,21
59,8968,1048,16
60,8952,1065,17
61,8935,1076,11
62,8924,1087,11
63,8913,1104,17
64,8896,1118,14
65,8882,1136,18
66,8864,1149,13
67,8851,1167,18
68,8833,1192,25
69,8808,1208,16
70,8792,1227,19
71,8773,1255,28
72,8745,1273,18
73,8727,1288,15
74,8712,1311,23
75,8689,1321,10
76,8679,1330,9
77,8670,1350,20
78,8650,1369,19
79,8631,1388,19
80,8612,1401,13
81,8599,1421,20
82,8579,1436,15
83,8564,1455,19
84,8545,1478,23
85,8522,1495,17
86,8505,1516,21
87,8484,1531,15
88,8469,1550,19
89,8450,1565,15
90,8435,1593,28
91,8407,1616,23
92,8384,1628,12
93,8372,1643,15
94,8357,1662,19
95,8338,1685,23
96,8315,1702,17
97,8298,1724,22
98,8276,1732,8
99,8268,1749,17
100,8251,1771,22
101,8229,1791,20
102,8209,1806,15
103,8194,1827,21
104,8173,1848,21
105,8152,1872,24
106,8128,1893,21
107,8107,1918,25
108,8082,1936,18
109,8064,1961,25
110,8039,1981,20
111,8019,2005,24
112,7995,2020,15
113,7980,2036,16
114,7964,2052,16
115,7948,2066,14
116,7934,2085,19
117,7915,2103,18
118,7897,2116,13
119,7884,2134,18
120,7866,2147,13
121,7853,2167,20
122,7833,2196,29
123,7804,2211,15
124,7789,2235,24
125,7765,2256,21
126,7744,2276,20
127,7724,2293,17
128,7707,2323,30
129,7677,2340,17
130,7660,2357,17
131,7643,2379,22
132,7621,2404,25
133,7596,2424,20
134,7576,2439,15
135,7561,2458,19
136,7542,2474,16
137,7526,2493,19
138,7507,2517,24
139,7483,2544,27
140,7456,2560,16
141,7440,2574,14
142,7426,2587,13
143,7413,2605,18
144,7395,2626,21
145,7374,2654,28
146,7346,2673,19
147,7327,2690,17
148,7310,2708,18
149,7292,2731,23
150,7269,2749,18
151,7251,2762,13
152,7238,2782,20
153,7218,2802,20
154,7198,2819,17
155,7181,2839,20
156,7161,2854,15
157,7146,2873,19
158,7127,2888,15
159,7112,2903,15
160,7097,2925,22
161,7075,2936,11
162,7064,2952,16
163,7048,2966,14
164,7034,2980,14
165,7020,3001,21
166,6999,3018,17
167,6982,3038,20
168,6962,3052,14
169,6948,3072,20
170,6928,3093,21
171,6907,3115,22
172,6885,3139,24
173,6861,3158,19
174,6842,3174,16
175,6826,3178,4
176,6822,3199,21
177,6801,3216,17
178,6784,3236,20
179,6764,3248,12
180,6752,3262,14
181,6738,3273,11
182,6727,3283,10
183,6717,3297,14
184,6703,3313,16
185,6687,3330,17
186,6670,3351,21
187,6649,3366,15
188,6634,3389,23
189,6611,3408,19
190,6592,3424,16
191,6576,3441,17
192,6559,3458,17
193,6542,3476,18
194,6524,3488,12
195,6512,3506,18
196,6494,3524,18
197,6476,3544,20
198,6456,3563,19
199,6437,3592,29
200,6408,3605,13
201,6395,3613,8
202,6387,3632,19
203,6368,3650,18
204,6350,3669,19
205,6331,3692,23
206,6308,3706,14
207,6294,3727,21
208,6273,3747,20
209,6253,3764,17
210,6236,3778,14
211,6222,3796,18
212,6204,3816,20
213,6184,3834,18
214,6166,3846,12
215,6154,3864,18
216,6136,3885,21
217,6115,3905,20
218,6095,3923,18
219,6077,3937,14
220,6063,3954,17
221,6046,3971,17
222,6029,3989,18
223,6011,4013,24
224,5987,4037,24
225,5963,4053,16
226,5947,4072,19
227,5928,4090,18
228,5910,4108,18
229,5892,4119,11
230,5881,4140,21
231,5860,4162,22
232,5838,4179,17
233,5821,4193,14
234,5807,4212,19
235,5788,4232,20
236,5768,4251,19
237,5749,4273,22
238,5727,4297,24
239,5703,4312,15
240,5688,4331,19
241,5669,4347,16
242,5653,4361,14
243,5639,4375,14
244,5625,4393,18
245,5607,4409,16
246,5591,4429,20
247,5571,4448,19
248,5552,4464,16
249,5536,4481,17
250,5519,4494,13
251,5506,4510,16
252,5490,4528,18
253,5472,4553,25
254,5447,4573,20
255,5427,4587,14
256,5413,4601,14
257,5399,4621,20
258,5379,4633,12
259,5367,4654,21
260,5346,4674,20
261,5326,4694,20
262,5306,4711,17
263,5289,4726,15
264,5274,4746,20
265,5254,4759,13
266,5241,4770,11
267,5230,4793,23
268,5207,4813,20
269,5187,4838,25
270,5162,4856,18
271,5144,4882,26
272,5118,4901,19
273,5099,4917,16
274,5083,4938,21
275,5062,4957,19
276,5043,4973,16
277,5027,4996,23
278,5004,5024,28
279,4976,5043,19
280,4957,5057,14
281,4943,5072,15
282,4928,5091,19
283,4909,5104,13
284,4896,5116,12
285,4884,5132,16
286,4868,5149,17
287,4851,5165,16
288,4835,5181,16
289,4819,5188,7
290,4812,5212,24
291,4788,5230,18
292,4770,5247,17
293,4753,5263,16
294,4737,5290,27
295,4710,5309,19
296,4691,5328,19
297,4672,5342,14
298,4658,5367,25
299,4633,5385,18
300,4615,5398,13
301,4602,5416,18
302,4584,5437,21
303,4563,5456,19
304,4544,5475,19
305,4525,5492,17
306,4508,5520,28
307,4480,5537,17
308,4463,5555,18
309,4445,5570,15
310,4430,5592,22
311,4408,5605,13
312,4395,5627,22
313,4373,5648,21
314,4352,5663,15
315,4337,5688,25
316,4312,5705,17
317,4295,5731,26
318,4269,5749,18
319,4251,5767,18
320,4233,5792,25
321,4208,5809,17
322,4191,5832,23
323,4168,5848,16
324,4152,5863,15
325,4137,5883,20
326,4117,5903,20
327,4097,5917,14
328,4083,5939,22
329,4061,5965,26
330,4035,5983,18
331,4017,6003,20
332,3997,6022,19
333,3978,6046,24
334,3954,6056,10
335,3944,6073,17
336,3927,6088,15
337,3912,6108,20
338,3892,6126,18
339,3874,6145,19
340,3855,6165,20
341,3835,6187,22
342,3813,6202,15
343,3798,6219,17
344,3781,6234,15
345,3766,6246,12
346,3754,6264,18
347,3736,6278,14
348,3722,6291,13
349,3709,6305,14
350,3695,6323,18
351,3677,6345,22
352,3655,6359,14
353,3641,6366,7
354,3634,6386,20
355,3614,6408,22
356,3592,6426,18
357,3574,6439,13
358,3561,6449,10
359,3551,6466,17
360,3534,6480,14
361,3520,6503,23
362,3497,6527,24
363,3473,6541,14
364,3459,6559,18
365,3441,6579,20
366,3421,6595,16
367,3405,6610,15
368,3390,6621,11
369,3379,6638,17
370,3362,6662,24
371,3338,6681,19
372,3319,6699,18
373,3301,6720,21
374,3280,6743,23
375,3257,6764,21
376,3236,6785,21
377,3215,6805,20
378,3195,6820,15
379,3180,6834,14
380,3166,6857,23
381,3143,6872,15
382,3128,6890,18
383,3110,6906,16
384,3094,6929,23
385,3071,6961,32
386,3039,6976,15
387,3024,6993,17
388,3007,7017,24
389,2983,7037,20
390,2963,7055,18
391,2945,7071,16
392,2929,7092,21
393,2908,7115,23
394,2885,7136,21
395,2864,7158,22
396,2842,7174,16
397,2826,7194,20
398,2806,7216,22
399,2784,7239,23
400,2761,7260,21
401,2740,7271,11
402,2729,7290,19
403,2710,7303,13
404,2697,7316,13
405,2684,7335,19
406,2665,7356,21
407,2644,7368,12
408,2632,7386,18
409,2614,7404,18
410,2596,7419,15
411,2581,7440,21
412,2560,7464,24
413,2536,7477,13
414,2523,7497,20
415,2503,7516,19
416,2484,7536,20
417,2464,7558,22
418,2442,7578,20
419,2422,7600,22
420,2400,7618,18
421,2382,7640,22
422,2360,7659,19
423,2341,7681,22
424,2319,7691,10
425,2309,7700,9
426,2300,7719,19
427,2281,7741,22
428,2259,7763,22
429,2237,7780,17
430,2220,7802,22
431,2198,7809,7
432,2191,7822,13
433,2178,7839,17
434,2161,7856,17
435,2144,7872,16
436,2128,7890,18
437,2110,7902,12
438,2098,7920,18
439,2080,7937,17
440,2063,7965,28
441,2035,7982,17
442,2018,7999,17
443,2001,8018,19
444,1982,8037,19
445,1963,8058,21
446,1942,8076,18
447,1924,8095,19
448,1905,8106,11
449,1894,8133,27
450,1867,8147,14
451,1853,8166,19
452,1834,8184,18
453,1816,8200,16
454,1800,8225,25
455,1775,8245,20
456,1755,8260,15
457,1740,8286,26
458,1714,8302,16
459,1698,8310,8
460,1690,8331,21
461,1669,8350,19
462,1650,8369,19
463,1631,8384,15
464,1616,8398,14
465,1602,8412,14
466,1588,8430,18
467,1570,8459,29
468,1541,8478,19
469,1522,8498,20
470,1502,8520,22
471,1480,8543,23
472,1457,8560,17
473,1440,8583,23
474,1417,8605,22
475,1395,8622,17
476,1378,8641,19
477,1359,8662,21
478,1338,8685,23
479,1315,8703,18
480,1297,8719,16
481,1281,8746,27
482,1254,8761,15
483,1239,8780,19
484,1220,8797,17
485,1203,8821,24
486,1179,8834,13
487,1166,8849,15
488,1151,8867,18
489,1133,8881,14
490,1119,8895,14
491,1105,8908,13
492,1092,8928,20
493,1072,8944,16
494,1056,8965,21
495,1035,8989,24
496,1011,9011,22
497,989,9024,13
498,976,9048,24
499,952,9066,18
500,934,9082,16
501,918,9101,19
502,899,9115,14
503,885,9129,14
504,871,9150,21
505,850,9174,24
506,826,9187,13
507,813,9205,18
508,795,9220,15
509,780,9234,14
510,766,9261,27
511,739,9278,17
512,722,9293,15
513,707,9309,16
514,691,9323,14
515,677,9337,14
516,663,9352,15
517,648,9374,22
518,626,9389,15
519,611,9400,11
520,600,9419,19
521,581,9434,15
522,566,9449,15
523,551,9466,17
524,534,9481,15
525,519,9490,9
526,510,9506,16
527,494,9517,11
528,483,9534,17
529,466,9548,14
530,452,9555,7
531,445,9570,15
532,430,9589,19
533,411,9601,12
534,399,9612,11
535,388,9629,17
536,371,9639,10
537,361,9653,14
538,347,9666,13
539,334,9680,14
540,320,9693,13
541,307,9710,17
542,290,9723,13
543,277,9734,11
544,266,9746,12
545,254,9761,15
546,239,9781,20
547,219,9787,6
548,213,9799,12
549,201,9806,7
550,194,9817,11
551,183,9823,6
552,177,9832,9
553,168,9838,6
554,162,9844,6
555,156,9851,7
556,149,9857,6
557,143,9868,11
558,132,9876,8
559,124,9878,2
560,122,9886,8
561,114,9890,4
562,110,9892,2
563,108,9900,8
564,100,9912,12
565,88,9915,3
566,85,9919,4
567,81,9929,10
568,71,9934,5
569,66,9937,3
570,63,9942,5
571,58,9946,4
572,54,9949,3
573,51,9956,7
574,44,9957,1
575,43,9959,2
576,41,9962,3
577,38,9962,0
578,38,9965,3
579,35,9968,3
580,32,9971,3
581,29,9974,3
582,26,9978,4
583,22,9983,5
584,17,9987,4
585,13,9991,4
586,9,9993,2
587,7,9993,0
588,7,9993,0
589,7,9993,0
590,7,9993,0
591,7,9994,1
592,6,9994,0
593,6,9995,1
594,5,9996,1
595,4,9996,0
596,4,9997,1
597,3,9997,0
598,3,9997,0
599,3,9997,0
600,3,9997,0
601,3,9997,0
602,3,9998,1
603,2,9998,0
604,2,9999,1
605,1,9999,0
606,1,9999,0
607,1,9999,0
608,1,10000,1
